not
95
94
94
90
93
92
92
91
89
89
89
89
89
89
88
88
88
88
88
88
88
87
87
87
87
87
87
87
86
86
86
86
86
85
85
85
85
83,8
83,8
82,6
82,6
80
80
80
80
80
80
80
80
80
80
80
80
80
80
80
80
78
78
78
78
78
78
78
78
78
78
78
77
77
77
77
77
77
77
75
75
75
75
75
75
75
75
75
75
75
75
75
75
75
75
75
75
75
75
75
75
73
73
73
73
72
72
72
72
72
72
72
72
72
72
72
72
72
72
72
72
68
68
68
68
68
68
68
68
68
68
68
68
67
67
65
65
65
65
65
65
65
65
65
65
63
63
63
63
63
58
58
58
58
58
58
58
58
48
48
48
45
45
39
39
36
35
25